version https://git-lfs.github.com/spec/v1
oid sha256:04608a69c345071f8cf7b63040f10315ea29b79e3e62cd7d15993003da0277b7
size 45439
